-0.440010 -0.670010 -0.740010 -0.329990 -0.579990 -0.669990
-0.460010 -0.600010 -0.800010 -0.349990 -0.479990 -0.669990
-0.520010 -0.690010 -0.670010 -0.329990 -0.599990 -0.589990
-0.540010 -0.620010 -0.740010 -0.439990 -0.499990 -0.589990
-0.600010 -0.710010 -0.590010 -0.419990 -0.619990 -0.409990
-0.500010 -0.780010 -0.590010 -0.389990 -0.689990 -0.409990
-0.620010 -0.710010 -0.590010 -0.499990 -0.519990 -0.499990
-0.690010 -0.620010 -0.670010 -0.519990 -0.509990 -0.499990
-0.660010 -0.710010 -0.500010 -0.569990 -0.619990 -0.319990
-0.750010 -0.620010 -0.500010 -0.599990 -0.519990 -0.409990
-0.720010 -0.710010 -0.410010 -0.629990 -0.619990 -0.209990
-0.800010 -0.620010 -0.410010 -0.659990 -0.509990 -0.309990
-0.570010 -0.780010 -0.510010 -0.469990 -0.709990 -0.319990
-0.630010 -0.780010 -0.410010 -0.539990 -0.709990 -0.209990
-0.470010 -0.840010 -0.510010 -0.359990 -0.769990 -0.309990
-0.540010 -0.840010 -0.410010 -0.429990 -0.779990 -0.209990
-0.770010 -0.690010 -0.310010 -0.689990 -0.599990 -0.209990
-0.770010 -0.750010 -0.210010 -0.649990 -0.599990 -0.109990
-0.740010 -0.790010 -0.110010 -0.619990 -0.669990 0.000010
-0.810010 -0.710010 -0.110010 -0.699990 -0.579990 0.000010
-0.840010 -0.620010 -0.310010 -0.719990 -0.499990 -0.209990
-0.840010 -0.670010 -0.210010 -0.739990 -0.499990 -0.109990
-0.870010 -0.580010 -0.210010 -0.809990 -0.479990 0.000010
-0.890010 -0.630010 -0.110010 -0.769990 -0.449990 0.000010
-0.690010 -0.770010 -0.320010 -0.599990 -0.689990 -0.109990
-0.600010 -0.840010 -0.320010 -0.499990 -0.769990 -0.109990
-0.650010 -0.820010 -0.210010 -0.559990 -0.749990 0.000010
-0.620010 -0.880010 -0.110010 -0.469990 -0.789990 0.000010
-0.500010 -0.890010 -0.310010 -0.319990 -0.839990 -0.209990
-0.560010 -0.890010 -0.210010 -0.399990 -0.819990 -0.109990
-0.470010 -0.930010 -0.210010 -0.359990 -0.879990 0.000010
-0.530010 -0.950010 -0.110010 -0.329990 -0.849990 0.000010
-0.330010 -0.750010 -0.670010 -0.219990 -0.669990 -0.589990
-0.420010 -0.820010 -0.590010 -0.279990 -0.689990 -0.499990
-0.300010 -0.790010 -0.670010 -0.099990 -0.709990 -0.589990
-0.300010 -0.850010 -0.590010 -0.159990 -0.749990 -0.499990
-0.220010 -0.750010 -0.730010 -0.009990 -0.669990 -0.659990
-0.100010 -0.820010 -0.720010 0.020010 -0.689990 -0.569990
-0.190010 -0.850010 -0.660010 -0.069990 -0.749990 -0.499990
-0.160010 -0.880010 -0.570010 0.050010 -0.819990 -0.479990
-0.370010 -0.580010 -0.850010 -0.259990 -0.449990 -0.739990
-0.280010 -0.630010 -0.860010 -0.149990 -0.449990 -0.739990
-0.350010 -0.670010 -0.800010 -0.239990 -0.539990 -0.669990
-0.420010 -0.750010 -0.740010 -0.219990 -0.629990 -0.589990
-0.240010 -0.710010 -0.800010 -0.129990 -0.579990 -0.669990
-0.260010 -0.580010 -0.870010 -0.059990 -0.479990 -0.799990
-0.150010 -0.690010 -0.800010 -0.009990 -0.579990 -0.719990
-0.150010 -0.600010 -0.870010 0.050010 -0.499990 -0.799990
-0.390010 -0.890010 -0.510010 -0.249990 -0.769990 -0.309990
-0.360010 -0.880010 -0.500010 -0.159990 -0.819990 -0.409990
-0.430010 -0.930010 -0.410010 -0.209990 -0.839990 -0.209990
-0.320010 -0.930010 -0.410010 -0.129990 -0.879990 -0.309990
-0.250010 -0.900010 -0.500010 -0.039990 -0.849990 -0.409990
-0.130010 -0.950010 -0.480010 -0.009990 -0.879990 -0.309990
-0.210010 -0.960010 -0.410010 -0.099990 -0.899990 -0.209990
-0.100010 -0.980010 -0.380010 0.020010 -0.929990 -0.209990
-0.400010 -0.930010 -0.310010 -0.289990 -0.889990 -0.109990
-0.290010 -0.960010 -0.310010 -0.179990 -0.929990 -0.109990
-0.360010 -0.960010 -0.210010 -0.249990 -0.929990 0.000010
-0.330010 -0.980010 -0.110010 -0.139990 -0.949990 0.000010
-0.250010 -0.980010 -0.210010 -0.069990 -0.959990 -0.109990
-0.180010 -0.990010 -0.310010 0.060010 -0.949990 -0.109990
-0.220010 -0.990010 -0.110010 -0.029990 -0.979990 0.000010
-0.140010 -1.000010 -0.210010 0.000010 -0.979990 0.000010
-0.770010 -0.530010 -0.580010 -0.689990 -0.419990 -0.489990
-0.770010 -0.420010 -0.650010 -0.689990 -0.309990 -0.489990
-0.770010 -0.310010 -0.710010 -0.669990 -0.199990 -0.559990
-0.830010 -0.310010 -0.620010 -0.749990 -0.199990 -0.459990
-0.820010 -0.530010 -0.500010 -0.689990 -0.409990 -0.309990
-0.830010 -0.520010 -0.490010 -0.749990 -0.309990 -0.389990
-0.880010 -0.420010 -0.560010 -0.769990 -0.299990 -0.349990
-0.890010 -0.310010 -0.530010 -0.829990 -0.199990 -0.349990
-0.750010 -0.200010 -0.760010 -0.639990 -0.099990 -0.619990
-0.770010 -0.100010 -0.760010 -0.639990 0.000010 -0.639990
-0.830010 -0.200010 -0.680010 -0.729990 -0.099990 -0.529990
-0.840010 -0.100010 -0.680010 -0.729990 0.000010 -0.539990
-0.870010 -0.200010 -0.580010 -0.799990 0.000010 -0.479990
-0.920010 -0.200010 -0.530010 -0.829990 -0.099990 -0.369990
-0.920010 -0.100010 -0.540010 -0.839990 0.000010 -0.369990
-0.950010 -0.100010 -0.430010 -0.899990 0.090010 -0.309990
-0.870010 -0.510010 -0.390010 -0.799990 -0.399990 -0.279990
-0.910010 -0.510010 -0.310010 -0.799990 -0.389990 -0.179990
-0.920010 -0.410010 -0.390010 -0.819990 -0.289990 -0.179990
-0.930010 -0.400010 -0.350010 -0.869990 -0.199990 -0.239990
-0.930010 -0.500010 -0.210010 -0.839990 -0.359990 -0.059990
-0.930010 -0.480010 -0.110010 -0.869990 -0.359990 0.060010
-0.960010 -0.390010 -0.240010 -0.909990 -0.189990 -0.129990
-0.960010 -0.390010 -0.180010 -0.909990 -0.279990 0.000010
-0.930010 -0.300010 -0.420010 -0.879990 -0.099990 -0.309990
-0.960010 -0.290010 -0.310010 -0.919990 -0.089990 -0.189990
-0.960010 -0.200010 -0.370010 -0.919990 0.000010 -0.249990
-0.990010 -0.190010 -0.310010 -0.949990 0.000010 -0.129990
-0.990010 -0.280010 -0.190010 -0.949990 -0.099990 -0.059990
-0.980010 -0.280010 -0.130010 -0.949990 -0.189990 0.060010
-1.000010 -0.100010 -0.250010 -0.959990 0.000010 -0.059990
-1.000010 -0.190010 -0.130010 -0.979990 0.000010 0.000010
-0.540010 -0.510010 -0.740010 -0.459990 -0.399990 -0.669990
-0.540010 -0.500010 -0.810010 -0.369990 -0.389990 -0.739990
-0.610010 -0.400010 -0.810010 -0.449990 -0.289990 -0.729990
-0.520010 -0.390010 -0.870010 -0.349990 -0.279990 -0.799990
-0.620010 -0.520010 -0.740010 -0.539990 -0.399990 -0.589990
-0.700010 -0.530010 -0.660010 -0.619990 -0.409990 -0.499990
-0.700010 -0.420010 -0.740010 -0.539990 -0.299990 -0.579990
-0.690010 -0.410010 -0.730010 -0.609990 -0.199990 -0.649990
-0.670010 -0.300010 -0.800010 -0.519990 -0.199990 -0.709990
-0.670010 -0.200010 -0.860010 -0.479990 -0.089990 -0.709990
-0.580010 -0.290010 -0.870010 -0.419990 -0.189990 -0.789990
-0.480010 -0.280010 -0.910010 -0.359990 -0.099990 -0.859990
-0.640010 -0.200010 -0.840010 -0.539990 0.000010 -0.759990
-0.680010 -0.100010 -0.810010 -0.589990 0.090010 -0.729990
-0.590010 -0.190010 -0.900010 -0.429990 0.000010 -0.809990
-0.540010 -0.100010 -0.930010 -0.369990 0.000010 -0.839990
-0.450010 -0.480010 -0.860010 -0.279990 -0.359990 -0.799990
-0.350010 -0.480010 -0.900010 -0.169990 -0.359990 -0.849990
-0.420010 -0.360010 -0.910010 -0.299990 -0.189990 -0.859990
-0.350010 -0.360010 -0.950010 -0.169990 -0.279990 -0.859990
-0.230010 -0.500010 -0.920010 -0.059990 -0.359990 -0.859990
-0.110010 -0.510010 -0.920010 0.050010 -0.389990 -0.859990
-0.230010 -0.390010 -0.980010 -0.049990 -0.189990 -0.899990
-0.170010 -0.400010 -0.950010 0.000010 -0.279990 -0.919990
-0.430010 -0.190010 -0.950010 -0.239990 -0.099990 -0.899990
-0.360010 -0.280010 -0.950010 -0.169990 -0.189990 -0.909990
-0.430010 -0.100010 -0.970010 -0.249990 0.000010 -0.899990
-0.310010 -0.190010 -0.980010 -0.179990 0.000010 -0.949990
-0.240010 -0.280010 -0.980010 -0.119990 -0.099990 -0.949990
-0.120010 -0.290010 -0.990010 0.010010 -0.089990 -0.949990
-0.250010 -0.100010 -0.990010 -0.059990 0.000010 -0.969990
-0.180010 -0.190010 -1.000010 0.000010 0.000010 -0.979990
-0.770010 -0.710010 -0.000010 -0.699990 -0.629990 0.110010
-0.740010 -0.790010 -0.000010 -0.619990 -0.669990 0.110010
-0.810010 -0.750010 -0.000010 -0.649990 -0.579990 0.210010
-0.770010 -0.690010 0.109990 -0.689990 -0.599990 0.310010
-0.840010 -0.670010 -0.000010 -0.739990 -0.539990 0.210010
-0.890010 -0.580010 -0.000010 -0.809990 -0.449990 0.110010
-0.870010 -0.600010 0.109990 -0.769990 -0.479990 0.210010
-0.840010 -0.620010 0.209990 -0.719990 -0.499990 0.310010
-0.650010 -0.850010 -0.000010 -0.529990 -0.749990 0.110010
-0.650010 -0.880010 -0.000010 -0.469990 -0.749990 0.210010
-0.690010 -0.770010 0.109990 -0.599990 -0.689990 0.320010
-0.600010 -0.840010 0.109990 -0.499990 -0.769990 0.320010
-0.560010 -0.900010 -0.000010 -0.429990 -0.819990 0.210010
-0.470010 -0.950010 -0.000010 -0.329990 -0.879990 0.110010
-0.500010 -0.930010 0.109990 -0.359990 -0.839990 0.210010
-0.500010 -0.890010 0.209990 -0.319990 -0.839990 0.310010
-0.720010 -0.710010 0.209990 -0.629990 -0.619990 0.320010
-0.800010 -0.710010 0.309990 -0.629990 -0.509990 0.410010
-0.660010 -0.710010 0.319990 -0.569990 -0.619990 0.500010
-0.750010 -0.620010 0.309990 -0.659990 -0.519990 0.500010
-0.630010 -0.780010 0.209990 -0.539990 -0.709990 0.410010
-0.570010 -0.780010 0.319990 -0.469990 -0.709990 0.510010
-0.540010 -0.840010 0.209990 -0.429990 -0.779990 0.410010
-0.470010 -0.840010 0.309990 -0.359990 -0.769990 0.510010
-0.690010 -0.710010 0.409990 -0.499990 -0.529990 0.510010
-0.690010 -0.620010 0.499990 -0.519990 -0.519990 0.590010
-0.600010 -0.710010 0.499990 -0.419990 -0.619990 0.590010
-0.500010 -0.780010 0.409990 -0.389990 -0.689990 0.590010
-0.620010 -0.620010 0.589990 -0.439990 -0.509990 0.670010
-0.540010 -0.690010 0.589990 -0.419990 -0.499990 0.740010
-0.440010 -0.690010 0.589990 -0.329990 -0.579990 0.740010
-0.460010 -0.600010 0.669990 -0.349990 -0.479990 0.800010
-0.330010 -0.980010 -0.000010 -0.219990 -0.949990 0.110010
-0.360010 -0.960010 -0.000010 -0.249990 -0.929990 0.210010
-0.400010 -0.930010 0.109990 -0.289990 -0.889990 0.310010
-0.290010 -0.960010 0.109990 -0.179990 -0.929990 0.310010
-0.250010 -0.990010 -0.000010 -0.109990 -0.959990 0.110010
-0.250010 -0.980010 0.109990 -0.069990 -0.959990 0.210010
-0.140010 -1.000010 -0.000010 0.000010 -0.979990 0.110010
-0.140010 -0.990010 0.109990 0.060010 -0.979990 0.210010
-0.430010 -0.890010 0.309990 -0.249990 -0.839990 0.410010
-0.320010 -0.930010 0.209990 -0.209990 -0.879990 0.410010
-0.360010 -0.880010 0.409990 -0.159990 -0.819990 0.500010
-0.250010 -0.930010 0.309990 -0.129990 -0.849990 0.500010
-0.210010 -0.980010 0.209990 -0.069990 -0.929990 0.310010
-0.100010 -0.980010 0.209990 0.020010 -0.929990 0.380010
-0.210010 -0.950010 0.309990 -0.009990 -0.899990 0.410010
-0.160010 -0.930010 0.379990 -0.009990 -0.849990 0.500010
-0.390010 -0.840010 0.409990 -0.279990 -0.749990 0.590010
-0.300010 -0.850010 0.499990 -0.159990 -0.749990 0.590010
-0.420010 -0.770010 0.509990 -0.299990 -0.669990 0.670010
-0.330010 -0.790010 0.589990 -0.189990 -0.669990 0.670010
-0.190010 -0.850010 0.499990 -0.069990 -0.749990 0.660010
-0.160010 -0.880010 0.479990 0.050010 -0.819990 0.570010
-0.220010 -0.790010 0.589990 -0.099990 -0.669990 0.730010
-0.100010 -0.820010 0.569990 0.020010 -0.689990 0.720010
-0.350010 -0.670010 0.669990 -0.239990 -0.539990 0.800010
-0.330010 -0.710010 0.669990 -0.129990 -0.629990 0.740010
-0.370010 -0.580010 0.739990 -0.259990 -0.449990 0.850010
-0.280010 -0.630010 0.739990 -0.149990 -0.449990 0.860010
-0.240010 -0.670010 0.729990 -0.039990 -0.579990 0.800010
-0.130010 -0.750010 0.659990 -0.009990 -0.599990 0.800010
-0.260010 -0.580010 0.799990 -0.059990 -0.479990 0.870010
-0.150010 -0.600010 0.799990 0.050010 -0.499990 0.870010
-0.930010 -0.480010 -0.000010 -0.869990 -0.359990 0.110010
-0.960010 -0.360010 -0.060010 -0.929990 -0.279990 0.130010
-0.930010 -0.500010 0.059990 -0.839990 -0.359990 0.210010
-0.950010 -0.390010 0.059990 -0.909990 -0.279990 0.240010
-0.910010 -0.510010 0.179990 -0.799990 -0.389990 0.310010
-0.880010 -0.510010 0.279990 -0.799990 -0.299990 0.390010
-0.960010 -0.400010 0.129990 -0.869990 -0.189990 0.280010
-0.930010 -0.400010 0.239990 -0.869990 -0.199990 0.350010
-1.000010 -0.280010 -0.060010 -0.949990 -0.099990 0.130010
-0.990010 -0.280010 0.059990 -0.949990 -0.099990 0.190010
-1.000010 -0.190010 -0.060010 -0.979990 0.000010 0.130010
-1.000010 -0.100010 -0.000010 -0.979990 0.000010 0.190010
-0.960010 -0.290010 0.189990 -0.919990 -0.089990 0.310010
-0.960010 -0.300010 0.249990 -0.879990 -0.089990 0.420010
-0.990010 -0.190010 0.129990 -0.959990 0.000010 0.250010
-0.980010 -0.100010 0.189990 -0.919990 0.000010 0.370010
-0.820010 -0.520010 0.309990 -0.749990 -0.409990 0.410010
-0.820010 -0.530010 0.389990 -0.689990 -0.409990 0.500010
-0.880010 -0.420010 0.349990 -0.769990 -0.299990 0.490010
-0.890010 -0.310010 0.349990 -0.829990 -0.199990 0.530010
-0.770010 -0.530010 0.489990 -0.689990 -0.309990 0.580010
-0.830010 -0.420010 0.459990 -0.689990 -0.309990 0.650010
-0.830010 -0.310010 0.459990 -0.749990 -0.199990 0.620010
-0.770010 -0.310010 0.559990 -0.669990 -0.199990 0.710010
-0.930010 -0.200010 0.309990 -0.869990 -0.099990 0.480010
-0.950010 -0.100010 0.309990 -0.869990 0.000010 0.480010
-0.890010 -0.200010 0.419990 -0.799990 -0.099990 0.580010
-0.900010 -0.100010 0.429990 -0.799990 0.000010 0.580010
-0.830010 -0.200010 0.529990 -0.729990 -0.099990 0.680010
-0.840010 -0.100010 0.539990 -0.729990 0.000010 0.680010
-0.750010 -0.200010 0.619990 -0.639990 -0.099990 0.760010
-0.770010 -0.100010 0.639990 -0.639990 0.000010 0.760010
-0.700010 -0.530010 0.499990 -0.619990 -0.419990 0.590010
-0.700010 -0.520010 0.579990 -0.539990 -0.409990 0.670010
-0.700010 -0.510010 0.579990 -0.539990 -0.309990 0.740010
-0.690010 -0.410010 0.649990 -0.609990 -0.199990 0.730010
-0.620010 -0.510010 0.659990 -0.459990 -0.299990 0.740010
-0.610010 -0.400010 0.729990 -0.449990 -0.289990 0.810010
-0.540010 -0.500010 0.739990 -0.369990 -0.389990 0.810010
-0.520010 -0.390010 0.799990 -0.349990 -0.279990 0.870010
-0.670010 -0.300010 0.709990 -0.519990 -0.199990 0.800010
-0.670010 -0.200010 0.709990 -0.479990 -0.089990 0.860010
-0.580010 -0.290010 0.789990 -0.419990 -0.189990 0.870010
-0.480010 -0.280010 0.859990 -0.359990 -0.099990 0.910010
-0.640010 -0.200010 0.759990 -0.539990 0.000010 0.840010
-0.680010 -0.100010 0.729990 -0.589990 0.090010 0.810010
-0.590010 -0.190010 0.809990 -0.429990 0.000010 0.900010
-0.540010 -0.100010 0.839990 -0.369990 0.000010 0.930010
-0.450010 -0.480010 0.799990 -0.279990 -0.359990 0.860010
-0.350010 -0.480010 0.849990 -0.169990 -0.359990 0.900010
-0.420010 -0.360010 0.859990 -0.299990 -0.189990 0.910010
-0.350010 -0.360010 0.859990 -0.169990 -0.279990 0.950010
-0.230010 -0.500010 0.859990 -0.059990 -0.359990 0.920010
-0.110010 -0.510010 0.859990 0.050010 -0.389990 0.920010
-0.230010 -0.390010 0.899990 -0.049990 -0.189990 0.980010
-0.170010 -0.400010 0.919990 0.000010 -0.279990 0.950010
-0.430010 -0.190010 0.899990 -0.239990 -0.099990 0.950010
-0.360010 -0.280010 0.909990 -0.169990 -0.189990 0.950010
-0.430010 -0.100010 0.899990 -0.249990 0.000010 0.970010
-0.310010 -0.190010 0.949990 -0.179990 0.000010 0.980010
-0.240010 -0.280010 0.949990 -0.119990 -0.099990 0.980010
-0.120010 -0.290010 0.949990 0.010010 -0.089990 0.990010
-0.250010 -0.100010 0.969990 -0.059990 0.000010 0.990010
-0.180010 -0.190010 0.979990 0.000010 0.000010 1.000010
-0.720010 -0.000010 -0.770010 -0.629990 0.100010 -0.679990
-0.810010 -0.000010 -0.730010 -0.679990 0.100010 -0.589990
-0.750010 0.089990 -0.770010 -0.629990 0.190010 -0.629990
-0.750010 0.189990 -0.740010 -0.609990 0.290010 -0.629990
-0.630010 -0.000010 -0.880010 -0.479990 0.100010 -0.769990
-0.670010 0.089990 -0.840010 -0.529990 0.200010 -0.719990
-0.670010 0.189990 -0.810010 -0.509990 0.300010 -0.719990
-0.570010 0.099990 -0.860010 -0.469990 0.300010 -0.799990
-0.870010 -0.000010 -0.640010 -0.769990 0.100010 -0.479990
-0.830010 0.099990 -0.680010 -0.719990 0.190010 -0.519990
-0.900010 -0.000010 -0.590010 -0.809990 0.190010 -0.429990
-0.930010 -0.000010 -0.480010 -0.869990 0.190010 -0.359990
-0.780010 0.189990 -0.660010 -0.689990 0.360010 -0.559990
-0.850010 0.189990 -0.630010 -0.749990 0.280010 -0.459990
-0.890010 0.099990 -0.520010 -0.829990 0.280010 -0.409990
-0.890010 0.189990 -0.560010 -0.779990 0.360010 -0.349990
-0.710010 0.279990 -0.670010 -0.629990 0.390010 -0.599990
-0.690010 0.279990 -0.740010 -0.539990 0.400010 -0.659990
-0.610010 0.289990 -0.810010 -0.439990 0.410010 -0.739990
-0.630010 0.389990 -0.740010 -0.469990 0.510010 -0.659990
-0.790010 0.279990 -0.600010 -0.709990 0.480010 -0.429990
-0.850010 0.279990 -0.490010 -0.769990 0.480010 -0.389990
-0.790010 0.359990 -0.600010 -0.649990 0.480010 -0.489990
-0.710010 0.359990 -0.670010 -0.559990 0.500010 -0.599990
-0.680010 0.479990 -0.660010 -0.559990 0.580010 -0.489990
-0.720010 0.449990 -0.600010 -0.589990 0.630010 -0.459990
-0.590010 0.499990 -0.720010 -0.469990 0.600010 -0.559990
-0.630010 0.579990 -0.620010 -0.499990 0.670010 -0.459990
-0.770010 0.449990 -0.530010 -0.679990 0.580010 -0.389990
-0.720010 0.539990 -0.490010 -0.629990 0.670010 -0.349990
-0.660010 0.629990 -0.520010 -0.529990 0.710010 -0.349990
-0.570010 0.669990 -0.520010 -0.469990 0.790010 -0.359990
-0.980010 -0.000010 -0.310010 -0.949990 0.100010 -0.189990
-0.960010 -0.000010 -0.360010 -0.929990 0.200010 -0.239990
-0.930010 0.089990 -0.410010 -0.889990 0.290010 -0.299990
-0.960010 0.099990 -0.300010 -0.919990 0.300010 -0.179990
-1.000010 -0.000010 -0.240010 -0.959990 0.100010 -0.059990
-0.990010 0.099990 -0.240010 -0.959990 0.200010 -0.059990
-1.000010 -0.000010 -0.120010 -0.989990 0.100010 0.060010
-0.990010 0.099990 -0.120010 -0.979990 0.200010 0.060010
-0.930010 0.199990 -0.460010 -0.839990 0.390010 -0.229990
-0.890010 0.289990 -0.390010 -0.799990 0.500010 -0.279990
-0.960010 0.199990 -0.350010 -0.869990 0.400010 -0.119990
-0.920010 0.299990 -0.280010 -0.829990 0.510010 -0.169990
-0.980010 0.199990 -0.230010 -0.889990 0.410010 -0.059990
-0.980010 0.199990 -0.120010 -0.939990 0.310010 0.060010
-0.940010 0.309990 -0.170010 -0.849990 0.520010 -0.059990
-0.950010 0.309990 -0.120010 -0.849990 0.530010 0.060010
-0.840010 0.389990 -0.430010 -0.719990 0.580010 -0.329990
-0.870010 0.399990 -0.330010 -0.749990 0.600010 -0.219990
-0.800010 0.499990 -0.390010 -0.659990 0.670010 -0.279990
-0.770010 0.599990 -0.350010 -0.659990 0.690010 -0.169990
-0.890010 0.409990 -0.220010 -0.769990 0.620010 -0.109990
-0.830010 0.509990 -0.280010 -0.699990 0.710010 -0.059990
-0.910010 0.419990 -0.170010 -0.769990 0.620010 0.000010
-0.850010 0.519990 -0.110010 -0.779990 0.620010 0.060010
-0.680010 0.669990 -0.410010 -0.569990 0.750010 -0.229990
-0.590010 0.709990 -0.410010 -0.499990 0.820010 -0.239990
-0.700010 0.689990 -0.300010 -0.589990 0.770010 -0.119990
-0.610010 0.749990 -0.300010 -0.519990 0.840010 -0.119990
-0.770010 0.619990 -0.230010 -0.609990 0.780010 -0.059990
-0.780010 0.619990 -0.120010 -0.619990 0.780010 0.000010
-0.620010 0.769990 -0.180010 -0.529990 0.840010 0.000010
-0.620010 0.779990 -0.120010 -0.449990 0.890010 0.060010
-0.480010 -0.000010 -0.930010 -0.369990 0.100010 -0.879990
-0.530010 -0.000010 -0.900010 -0.419990 0.200010 -0.839990
-0.420010 -0.000010 -0.950010 -0.309990 0.200010 -0.899990
-0.370010 -0.000010 -0.980010 -0.189990 0.100010 -0.929990
-0.470010 0.099990 -0.910010 -0.359990 0.310010 -0.859990
-0.510010 0.199990 -0.860010 -0.399990 0.410010 -0.799990
-0.360010 0.099990 -0.980010 -0.189990 0.200010 -0.909990
-0.400010 0.199990 -0.950010 -0.239990 0.310010 -0.859990
-0.250010 -0.000010 -0.990010 -0.069990 0.100010 -0.969990
-0.240010 0.099990 -0.990010 -0.069990 0.200010 -0.949990
-0.130010 -0.000010 -1.000010 0.060010 0.100010 -0.989990
-0.130010 0.089990 -0.990010 0.060010 0.200010 -0.969990
-0.290010 0.199990 -0.950010 -0.179990 0.420010 -0.879990
-0.240010 0.199990 -0.970010 -0.059990 0.310010 -0.929990
-0.180010 0.199990 -0.980010 -0.009990 0.410010 -0.899990
-0.060010 0.199990 -0.980010 0.050010 0.400010 -0.919990
-0.440010 0.309990 -0.860010 -0.329990 0.420010 -0.799990
-0.540010 0.399990 -0.800010 -0.369990 0.520010 -0.719990
-0.400010 0.309990 -0.900010 -0.229990 0.420010 -0.839990
-0.440010 0.409990 -0.880010 -0.229990 0.530010 -0.769990
-0.500010 0.509990 -0.770010 -0.369990 0.620010 -0.619990
-0.400010 0.519990 -0.770010 -0.299990 0.710010 -0.629990
-0.370010 0.419990 -0.840010 -0.259990 0.620010 -0.719990
-0.330010 0.529990 -0.810010 -0.189990 0.710010 -0.629990
-0.230010 0.309990 -0.930010 -0.109990 0.520010 -0.839990
-0.110010 0.299990 -0.950010 0.000010 0.510010 -0.859990
-0.260010 0.419990 -0.880010 -0.159990 0.620010 -0.759990
-0.160010 0.409990 -0.900010 -0.049990 0.620010 -0.779990
-0.300010 0.619990 -0.760010 -0.099990 0.710010 -0.669990
-0.190010 0.519990 -0.840010 -0.069990 0.710010 -0.699990
-0.070010 0.509990 -0.860010 0.040010 0.690010 -0.719990
-0.100010 0.619990 -0.780010 0.010010 0.770010 -0.639990
-0.500010 0.599990 -0.680010 -0.399990 0.690010 -0.579990
-0.530010 0.599990 -0.620010 -0.359990 0.770010 -0.469990
-0.430010 0.619990 -0.680010 -0.329990 0.770010 -0.529990
-0.360010 0.709990 -0.670010 -0.219990 0.780010 -0.529990
-0.530010 0.669990 -0.580010 -0.359990 0.820010 -0.419990
-0.500010 0.749990 -0.470010 -0.389990 0.850010 -0.309990
-0.390010 0.769990 -0.570010 -0.249990 0.840010 -0.419990
-0.430010 0.819990 -0.470010 -0.279990 0.880010 -0.309990
-0.250010 0.709990 -0.700010 -0.099990 0.780010 -0.569990
-0.280010 0.779990 -0.610010 -0.129990 0.840010 -0.469990
-0.170010 0.709990 -0.700010 -0.019990 0.840010 -0.509990
-0.130010 0.769990 -0.640010 0.070010 0.840010 -0.539990
-0.310010 0.839990 -0.510010 -0.169990 0.890010 -0.359990
-0.200010 0.839990 -0.510010 -0.079990 0.930010 -0.339990
-0.170010 0.839990 -0.540010 0.040010 0.890010 -0.439990
-0.110010 0.879990 -0.480010 0.040010 0.930010 -0.339990
-0.520010 0.789990 -0.360010 -0.349990 0.900010 -0.189990
-0.520010 0.819990 -0.310010 -0.349990 0.930010 -0.129990
-0.430010 0.849990 -0.360010 -0.229990 0.930010 -0.249990
-0.350010 0.879990 -0.410010 -0.199990 0.950010 -0.189990
-0.530010 0.819990 -0.240010 -0.359990 0.930010 -0.059990
-0.530010 0.839990 -0.190010 -0.359990 0.930010 0.000010
-0.360010 0.899990 -0.250010 -0.259990 0.960010 -0.059990
-0.360010 0.929990 -0.190010 -0.179990 0.980010 0.000010
-0.230010 0.889990 -0.410010 -0.109990 0.960010 -0.239990
-0.260010 0.929990 -0.300010 -0.139990 0.980010 -0.129990
-0.140010 0.929990 -0.380010 0.010010 0.960010 -0.239990
-0.140010 0.959990 -0.270010 0.070010 0.980010 -0.169990
-0.270010 0.959990 -0.240010 -0.059990 0.980010 0.000010
-0.180010 0.979990 -0.130010 -0.089990 0.990010 0.060010
-0.180010 0.979990 -0.170010 0.030010 0.990010 -0.059990
-0.090010 0.989990 -0.110010 0.030010 1.000010 0.060010
-1.000010 -0.000010 -0.000010 -0.989990 0.100010 0.120010
-1.000010 -0.000010 0.059990 -0.959990 0.100010 0.240010
-0.990010 0.099990 -0.000010 -0.959990 0.200010 0.180010
-0.990010 0.099990 0.059990 -0.939990 0.310010 0.240010
-0.980010 -0.000010 0.189990 -0.929990 0.200010 0.360010
-0.960010 -0.000010 0.239990 -0.899990 0.100010 0.430010
-0.960010 0.099990 0.179990 -0.919990 0.300010 0.300010
-0.930010 0.089990 0.299990 -0.889990 0.290010 0.410010
-0.980010 0.199990 -0.000010 -0.909990 0.420010 0.120010
-0.950010 0.309990 -0.060010 -0.849990 0.520010 0.170010
-0.960010 0.199990 0.119990 -0.889990 0.410010 0.230010
-0.940010 0.309990 0.059990 -0.829990 0.510010 0.280010
-0.930010 0.199990 0.229990 -0.869990 0.400010 0.350010
-0.890010 0.279990 0.279990 -0.839990 0.400010 0.460010
-0.920010 0.299990 0.169990 -0.799990 0.510010 0.330010
-0.870010 0.389990 0.279990 -0.769990 0.500010 0.430010
-0.910010 0.419990 -0.000010 -0.849990 0.530010 0.110010
-0.890010 0.409990 0.109990 -0.769990 0.620010 0.220010
-0.850010 0.519990 -0.060010 -0.699990 0.710010 0.110010
-0.850010 0.519990 0.059990 -0.699990 0.710010 0.170010
-0.780010 0.619990 -0.060010 -0.619990 0.780010 0.120010
-0.770010 0.619990 -0.000010 -0.619990 0.780010 0.230010
-0.700010 0.709990 0.059990 -0.529990 0.840010 0.180010
-0.620010 0.779990 -0.000010 -0.449990 0.890010 0.120010
-0.830010 0.499990 0.169990 -0.749990 0.620010 0.330010
-0.800010 0.479990 0.279990 -0.719990 0.600010 0.430010
-0.770010 0.599990 0.169990 -0.659990 0.690010 0.350010
-0.750010 0.579990 0.229990 -0.589990 0.750010 0.390010
-0.700010 0.689990 0.119990 -0.589990 0.770010 0.300010
-0.610010 0.769990 0.119990 -0.439990 0.880010 0.240010
-0.610010 0.749990 0.179990 -0.499990 0.820010 0.360010
-0.660010 0.669990 0.299990 -0.499990 0.790010 0.410010
-0.930010 -0.000010 0.359990 -0.869990 0.100010 0.480010
-0.930010 0.089990 0.359990 -0.829990 0.190010 0.520010
-0.900010 -0.000010 0.429990 -0.809990 0.190010 0.590010
-0.870010 -0.000010 0.479990 -0.769990 0.100010 0.640010
-0.890010 0.189990 0.349990 -0.829990 0.290010 0.520010
-0.850010 0.189990 0.459990 -0.779990 0.360010 0.560010
-0.830010 0.099990 0.519990 -0.749990 0.280010 0.630010
-0.780010 0.189990 0.559990 -0.689990 0.360010 0.660010
-0.770010 -0.000010 0.639990 -0.629990 0.100010 0.770010
-0.810010 -0.000010 0.589990 -0.629990 0.190010 0.770010
-0.810010 0.099990 0.589990 -0.669990 0.190010 0.720010
-0.750010 0.189990 0.629990 -0.609990 0.290010 0.740010
-0.630010 -0.000010 0.769990 -0.479990 0.100010 0.880010
-0.670010 0.089990 0.719990 -0.529990 0.200010 0.840010
-0.670010 0.189990 0.719990 -0.509990 0.300010 0.810010
-0.570010 0.099990 0.799990 -0.469990 0.300010 0.860010
-0.850010 0.279990 0.389990 -0.769990 0.480010 0.490010
-0.790010 0.359990 0.429990 -0.679990 0.540010 0.530010
-0.790010 0.279990 0.489990 -0.709990 0.450010 0.600010
-0.720010 0.359990 0.529990 -0.629990 0.480010 0.670010
-0.710010 0.279990 0.599990 -0.609990 0.390010 0.740010
-0.650010 0.289990 0.599990 -0.539990 0.500010 0.740010
-0.610010 0.289990 0.739990 -0.439990 0.410010 0.810010
-0.630010 0.389990 0.659990 -0.469990 0.510010 0.740010
-0.770010 0.479990 0.349990 -0.629990 0.670010 0.490010
-0.720010 0.539990 0.389990 -0.589990 0.630010 0.560010
-0.660010 0.629990 0.349990 -0.529990 0.710010 0.520010
-0.570010 0.669990 0.359990 -0.469990 0.790010 0.520010
-0.720010 0.449990 0.489990 -0.559990 0.580010 0.660010
-0.680010 0.479990 0.459990 -0.529990 0.670010 0.600010
-0.590010 0.499990 0.559990 -0.469990 0.600010 0.720010
-0.590010 0.579990 0.519990 -0.429990 0.690010 0.620010
-0.540010 0.839990 -0.060010 -0.449990 0.890010 0.060010
-0.530010 0.839990 -0.060010 -0.359990 0.930010 0.190010
-0.450010 0.889990 -0.060010 -0.269990 0.960010 0.130010
-0.450010 0.879990 -0.000010 -0.269990 0.960010 0.190010
-0.520010 0.819990 0.129990 -0.349990 0.930010 0.310010
-0.520010 0.789990 0.189990 -0.349990 0.900010 0.360010
-0.360010 0.899990 0.059990 -0.259990 0.960010 0.250010
-0.430010 0.849990 0.249990 -0.229990 0.930010 0.360010
-0.270010 0.959990 -0.060010 -0.179990 0.980010 0.130010
-0.270010 0.949990 -0.000010 -0.089990 0.990010 0.190010
-0.090010 0.979990 -0.000010 0.030010 1.000010 0.170010
-0.180010 0.959990 0.059990 -0.059990 0.990010 0.240010
-0.350010 0.899990 0.189990 -0.139990 0.960010 0.300010
-0.260010 0.929990 0.129990 -0.109990 0.980010 0.340010
-0.140010 0.959990 0.169990 0.070010 0.980010 0.270010
-0.140010 0.929990 0.239990 0.010010 0.960010 0.380010
-0.500010 0.789990 0.309990 -0.389990 0.850010 0.420010
-0.500010 0.749990 0.359990 -0.359990 0.820010 0.530010
-0.430010 0.769990 0.309990 -0.279990 0.880010 0.530010
-0.390010 0.819990 0.359990 -0.199990 0.890010 0.470010
-0.530010 0.669990 0.469990 -0.359990 0.770010 0.580010
-0.500010 0.599990 0.579990 -0.329990 0.710010 0.680010
-0.430010 0.689990 0.529990 -0.249990 0.780010 0.630010
-0.360010 0.709990 0.469990 -0.219990 0.840010 0.670010
-0.310010 0.879990 0.299990 -0.109990 0.930010 0.410010
-0.280010 0.839990 0.409990 -0.079990 0.890010 0.510010
-0.200010 0.889990 0.339990 0.010010 0.930010 0.440010
-0.080010 0.839990 0.379990 0.040010 0.930010 0.540010
-0.280010 0.709990 0.469990 -0.129990 0.840010 0.670010
-0.250010 0.779990 0.509990 -0.049990 0.840010 0.610010
-0.170010 0.769990 0.439990 0.070010 0.890010 0.640010
-0.130010 0.709990 0.539990 -0.019990 0.840010 0.700010
-0.480010 -0.000010 0.879990 -0.369990 0.100010 0.930010
-0.530010 -0.000010 0.839990 -0.419990 0.200010 0.900010
-0.420010 -0.000010 0.899990 -0.309990 0.200010 0.950010
-0.370010 -0.000010 0.929990 -0.189990 0.100010 0.980010
-0.470010 0.099990 0.859990 -0.359990 0.310010 0.910010
-0.360010 0.099990 0.899990 -0.239990 0.310010 0.950010
-0.510010 0.199990 0.799990 -0.399990 0.410010 0.860010
-0.400010 0.199990 0.839990 -0.289990 0.420010 0.910010
-0.250010 -0.000010 0.969990 -0.069990 0.100010 0.990010
-0.310010 0.099990 0.949990 -0.129990 0.200010 0.980010
-0.190010 -0.000010 0.969990 0.000010 0.200010 1.000010
-0.070010 -0.000010 0.979990 0.060010 0.200010 1.000010
-0.290010 0.199990 0.899990 -0.129990 0.310010 0.970010
-0.180010 0.199990 0.899990 -0.059990 0.410010 0.970010
-0.130010 0.099990 0.949990 -0.009990 0.300010 0.990010
-0.060010 0.199990 0.919990 0.050010 0.400010 0.980010
-0.540010 0.399990 0.719990 -0.369990 0.520010 0.800010
-0.440010 0.309990 0.769990 -0.329990 0.520010 0.860010
-0.330010 0.309990 0.839990 -0.179990 0.420010 0.930010
-0.370010 0.419990 0.769990 -0.229990 0.530010 0.880010
-0.500010 0.509990 0.619990 -0.369990 0.620010 0.770010
-0.400010 0.519990 0.629990 -0.299990 0.710010 0.770010
-0.370010 0.519990 0.719990 -0.189990 0.620010 0.810010
-0.330010 0.619990 0.629990 -0.189990 0.710010 0.760010
-0.230010 0.309990 0.839990 -0.109990 0.520010 0.930010
-0.110010 0.299990 0.859990 0.000010 0.510010 0.950010
-0.260010 0.419990 0.759990 -0.159990 0.620010 0.880010
-0.160010 0.409990 0.779990 -0.049990 0.620010 0.900010
-0.190010 0.519990 0.699990 -0.069990 0.710010 0.840010
-0.220010 0.619990 0.609990 -0.099990 0.780010 0.760010
-0.070010 0.509990 0.719990 0.040010 0.690010 0.860010
-0.100010 0.619990 0.639990 0.010010 0.770010 0.780010
-0.010010 -0.770010 -0.720010 0.100010 -0.689990 -0.639990
-0.040010 -0.690010 -0.860010 0.070010 -0.509990 -0.719990
-0.010010 -0.710010 -0.780010 0.190010 -0.619990 -0.699990
0.069990 -0.710010 -0.840010 0.220010 -0.519990 -0.669990
0.049990 -0.620010 -0.900010 0.160010 -0.409990 -0.779990
0.159990 -0.620010 -0.880010 0.260010 -0.419990 -0.759990
-0.000010 -0.510010 -0.950010 0.110010 -0.299990 -0.859990
0.109990 -0.520010 -0.930010 0.230010 -0.309990 -0.839990
0.189990 -0.710010 -0.760010 0.330010 -0.619990 -0.629990
0.189990 -0.620010 -0.810010 0.370010 -0.519990 -0.719990
0.299990 -0.710010 -0.770010 0.400010 -0.519990 -0.629990
0.369990 -0.620010 -0.770010 0.500010 -0.509990 -0.619990
0.229990 -0.530010 -0.880010 0.370010 -0.419990 -0.769990
0.179990 -0.420010 -0.930010 0.330010 -0.309990 -0.839990
0.329990 -0.520010 -0.860010 0.440010 -0.309990 -0.769990
0.369990 -0.520010 -0.800010 0.540010 -0.399990 -0.719990
-0.050010 -0.400010 -0.950010 0.060010 -0.289990 -0.919990
-0.050010 -0.300010 -0.980010 0.130010 -0.199990 -0.949990
0.059990 -0.410010 -0.970010 0.180010 -0.199990 -0.899990
0.129990 -0.310010 -0.970010 0.290010 -0.199990 -0.899990
-0.060010 -0.200010 -0.990010 0.130010 -0.089990 -0.969990
-0.060010 -0.100010 -1.000010 0.130010 0.000010 -0.989990
0.069990 -0.200010 -0.990010 0.240010 -0.099990 -0.949990
0.069990 -0.100010 -0.990010 0.250010 0.000010 -0.969990
0.289990 -0.420010 -0.910010 0.400010 -0.199990 -0.839990
0.399990 -0.410010 -0.860010 0.510010 -0.199990 -0.799990
0.239990 -0.310010 -0.950010 0.360010 -0.099990 -0.899990
0.359990 -0.310010 -0.910010 0.470010 -0.099990 -0.859990
0.189990 -0.200010 -0.980010 0.310010 0.000010 -0.949990
0.249990 -0.200010 -0.970010 0.420010 0.000010 -0.899990
0.309990 -0.100010 -0.950010 0.480010 0.000010 -0.879990
0.419990 -0.200010 -0.900010 0.530010 0.000010 -0.839990
-0.070010 -0.840010 -0.640010 0.050010 -0.769990 -0.539990
0.019990 -0.840010 -0.700010 0.130010 -0.709990 -0.539990
0.099990 -0.780010 -0.700010 0.250010 -0.709990 -0.569990
0.049990 -0.840010 -0.610010 0.250010 -0.779990 -0.509990
-0.040010 -0.890010 -0.540010 0.170010 -0.839990 -0.439990
-0.040010 -0.930010 -0.480010 0.110010 -0.879990 -0.339990
0.169990 -0.890010 -0.570010 0.280010 -0.779990 -0.409990
0.079990 -0.930010 -0.510010 0.200010 -0.839990 -0.339990
0.219990 -0.840010 -0.670010 0.360010 -0.709990 -0.469990
0.249990 -0.780010 -0.630010 0.430010 -0.689990 -0.529990
0.329990 -0.710010 -0.680010 0.500010 -0.599990 -0.579990
0.359990 -0.770010 -0.620010 0.530010 -0.599990 -0.469990
0.199990 -0.890010 -0.470010 0.390010 -0.819990 -0.359990
0.279990 -0.880010 -0.530010 0.430010 -0.769990 -0.309990
0.359990 -0.820010 -0.580010 0.530010 -0.669990 -0.419990
0.389990 -0.850010 -0.470010 0.500010 -0.749990 -0.309990
-0.010010 -0.960010 -0.380010 0.140010 -0.929990 -0.239990
-0.070010 -0.980010 -0.270010 0.140010 -0.959990 -0.169990
0.109990 -0.960010 -0.410010 0.230010 -0.889990 -0.239990
0.139990 -0.980010 -0.300010 0.260010 -0.929990 -0.129990
-0.030010 -0.990010 -0.170010 0.180010 -0.979990 -0.059990
-0.030010 -1.000010 -0.110010 0.090010 -0.989990 0.060010
0.059990 -0.980010 -0.240010 0.270010 -0.949990 -0.059990
0.089990 -0.990010 -0.130010 0.270010 -0.959990 0.000010
0.199990 -0.930010 -0.410010 0.350010 -0.879990 -0.249990
0.229990 -0.950010 -0.300010 0.360010 -0.899990 -0.129990
0.309990 -0.900010 -0.360010 0.440010 -0.849990 -0.189990
0.429990 -0.880010 -0.360010 0.520010 -0.789990 -0.189990
0.259990 -0.960010 -0.190010 0.360010 -0.929990 0.000010
0.179990 -0.980010 -0.060010 0.360010 -0.929990 0.060010
0.349990 -0.930010 -0.250010 0.450010 -0.879990 -0.059990
0.359990 -0.930010 -0.190010 0.530010 -0.839990 0.000010
0.469990 -0.600010 -0.720010 0.560010 -0.499990 -0.619990
0.499990 -0.670010 -0.660010 0.590010 -0.499990 -0.519990
0.529990 -0.670010 -0.600010 0.680010 -0.479990 -0.459990
0.559990 -0.580010 -0.660010 0.720010 -0.449990 -0.489990
0.469990 -0.790010 -0.520010 0.570010 -0.669990 -0.359990
0.529990 -0.710010 -0.520010 0.660010 -0.629990 -0.349990
0.589990 -0.630010 -0.560010 0.720010 -0.539990 -0.389990
0.679990 -0.580010 -0.530010 0.770010 -0.449990 -0.389990
0.469990 -0.510010 -0.740010 0.630010 -0.389990 -0.659990
0.439990 -0.410010 -0.810010 0.610010 -0.289990 -0.739990
0.539990 -0.500010 -0.740010 0.650010 -0.289990 -0.599990
0.609990 -0.390010 -0.740010 0.710010 -0.279990 -0.599990
0.629990 -0.480010 -0.670010 0.720010 -0.359990 -0.529990
0.709990 -0.450010 -0.600010 0.790010 -0.279990 -0.489990
0.719990 -0.480010 -0.530010 0.840010 -0.359990 -0.389990
0.789990 -0.390010 -0.490010 0.890010 -0.279990 -0.349990
0.469990 -0.300010 -0.860010 0.570010 -0.199990 -0.799990
0.509990 -0.300010 -0.810010 0.670010 -0.189990 -0.719990
0.469990 -0.200010 -0.860010 0.630010 -0.089990 -0.769990
0.479990 -0.100010 -0.880010 0.630010 0.000010 -0.769990
0.609990 -0.290010 -0.740010 0.750010 -0.189990 -0.629990
0.569990 -0.200010 -0.800010 0.750010 -0.089990 -0.629990
0.629990 -0.190010 -0.770010 0.810010 0.000010 -0.589990
0.629990 -0.100010 -0.770010 0.770010 0.000010 -0.639990
0.689990 -0.360010 -0.660010 0.780010 -0.189990 -0.559990
0.749990 -0.280010 -0.630010 0.830010 -0.099990 -0.519990
0.779990 -0.360010 -0.560010 0.850010 -0.189990 -0.459990
0.829990 -0.290010 -0.520010 0.890010 -0.189990 -0.349990
0.719990 -0.190010 -0.680010 0.840010 0.000010 -0.539990
0.809990 -0.190010 -0.590010 0.870010 0.000010 -0.479990
0.829990 -0.190010 -0.520010 0.930010 -0.089990 -0.359990
0.839990 -0.100010 -0.540010 0.930010 0.000010 -0.359990
0.499990 -0.820010 -0.360010 0.590010 -0.749990 -0.239990
0.499990 -0.790010 -0.410010 0.660010 -0.669990 -0.299990
0.439990 -0.880010 -0.300010 0.610010 -0.749990 -0.119990
0.589990 -0.770010 -0.350010 0.680010 -0.669990 -0.179990
0.629990 -0.670010 -0.460010 0.750010 -0.579990 -0.279990
0.719990 -0.600010 -0.430010 0.800010 -0.479990 -0.279990
0.659990 -0.690010 -0.350010 0.770010 -0.599990 -0.169990
0.749990 -0.620010 -0.330010 0.830010 -0.499990 -0.169990
0.519990 -0.840010 -0.240010 0.620010 -0.769990 -0.059990
0.609990 -0.780010 -0.230010 0.700010 -0.689990 -0.059990
0.449990 -0.890010 -0.120010 0.620010 -0.779990 0.000010
0.619990 -0.780010 -0.120010 0.700010 -0.709990 0.060010
0.679990 -0.710010 -0.230010 0.780010 -0.619990 -0.059990
0.699990 -0.710010 -0.120010 0.850010 -0.529990 0.060010
0.769990 -0.620010 -0.220010 0.850010 -0.509990 -0.059990
0.779990 -0.620010 -0.110010 0.910010 -0.419990 0.000010
0.769990 -0.500010 -0.430010 0.870010 -0.389990 -0.279990
0.799990 -0.510010 -0.330010 0.890010 -0.399990 -0.169990
0.839990 -0.400010 -0.390010 0.930010 -0.199990 -0.229990
0.869990 -0.410010 -0.350010 0.920010 -0.289990 -0.169990
0.829990 -0.520010 -0.220010 0.910010 -0.409990 -0.059990
0.889990 -0.420010 -0.170010 0.950010 -0.309990 0.000010
0.889990 -0.410010 -0.230010 0.960010 -0.199990 -0.119990
0.939990 -0.310010 -0.180010 0.980010 -0.199990 0.000010
0.889990 -0.290010 -0.410010 0.930010 -0.089990 -0.299990
0.919990 -0.300010 -0.300010 0.960010 -0.099990 -0.179990
0.929990 -0.200010 -0.360010 0.960010 0.000010 -0.239990
0.949990 -0.100010 -0.310010 0.990010 0.000010 -0.119990
0.959990 -0.200010 -0.240010 0.990010 -0.099990 -0.059990
0.949990 -0.310010 -0.060010 0.990010 -0.099990 0.060010
0.979990 -0.200010 -0.190010 1.000010 0.000010 0.000010
0.989990 -0.100010 -0.120010 1.000010 0.000010 0.060010
-0.030010 -1.000010 -0.000010 0.090010 -0.989990 0.110010
-0.030010 -0.990010 0.059990 0.180010 -0.979990 0.170010
0.089990 -0.990010 -0.060010 0.180010 -0.979990 0.130010
0.059990 -0.980010 -0.000010 0.270010 -0.959990 0.240010
-0.070010 -0.980010 0.169990 0.140010 -0.959990 0.270010
-0.010010 -0.960010 0.239990 0.140010 -0.929990 0.380010
0.139990 -0.980010 0.129990 0.260010 -0.929990 0.300010
0.109990 -0.960010 0.239990 0.230010 -0.889990 0.410010
0.179990 -0.980010 0.059990 0.360010 -0.929990 0.190010
0.269990 -0.960010 -0.000010 0.450010 -0.889990 0.130010
0.359990 -0.930010 -0.060010 0.540010 -0.839990 0.060010
0.359990 -0.930010 0.059990 0.530010 -0.839990 0.190010
0.229990 -0.950010 0.129990 0.360010 -0.899990 0.300010
0.229990 -0.930010 0.249990 0.430010 -0.849990 0.360010
0.349990 -0.930010 0.129990 0.520010 -0.819990 0.310010
0.349990 -0.900010 0.189990 0.520010 -0.789990 0.360010
-0.010010 -0.930010 0.339990 0.110010 -0.889990 0.440010
-0.040010 -0.930010 0.379990 0.080010 -0.839990 0.540010
0.079990 -0.930010 0.339990 0.200010 -0.839990 0.510010
0.169990 -0.930010 0.299990 0.310010 -0.839990 0.510010
-0.070010 -0.890010 0.439990 0.170010 -0.769990 0.640010
0.019990 -0.840010 0.539990 0.130010 -0.709990 0.700010
0.049990 -0.840010 0.509990 0.250010 -0.779990 0.610010
0.129990 -0.840010 0.469990 0.280010 -0.709990 0.670010
0.199990 -0.890010 0.359990 0.390010 -0.819990 0.470010
0.249990 -0.840010 0.419990 0.390010 -0.769990 0.570010
0.309990 -0.880010 0.309990 0.500010 -0.789990 0.420010
0.359990 -0.820010 0.359990 0.500010 -0.749990 0.530010
0.219990 -0.780010 0.529990 0.360010 -0.709990 0.670010
0.329990 -0.770010 0.529990 0.430010 -0.619990 0.680010
0.359990 -0.770010 0.469990 0.530010 -0.669990 0.580010
0.399990 -0.690010 0.519990 0.530010 -0.599990 0.680010
-0.010010 -0.770010 0.639990 0.100010 -0.689990 0.720010
-0.040010 -0.710010 0.699990 0.100010 -0.599990 0.800010
0.099990 -0.780010 0.609990 0.220010 -0.619990 0.760010
0.069990 -0.710010 0.699990 0.190010 -0.519990 0.840010
-0.040010 -0.620010 0.779990 0.160010 -0.509990 0.860010
0.049990 -0.620010 0.759990 0.260010 -0.409990 0.900010
-0.000010 -0.510010 0.859990 0.110010 -0.299990 0.950010
0.109990 -0.520010 0.839990 0.230010 -0.309990 0.930010
0.189990 -0.710010 0.629990 0.330010 -0.619990 0.760010
0.189990 -0.620010 0.719990 0.370010 -0.519990 0.810010
0.299990 -0.710010 0.629990 0.400010 -0.519990 0.770010
0.369990 -0.620010 0.619990 0.500010 -0.509990 0.770010
0.159990 -0.530010 0.769990 0.370010 -0.419990 0.880010
0.229990 -0.530010 0.809990 0.330010 -0.309990 0.900010
0.329990 -0.520010 0.769990 0.440010 -0.309990 0.860010
0.369990 -0.520010 0.719990 0.540010 -0.399990 0.800010
-0.050010 -0.400010 0.919990 0.060010 -0.199990 0.980010
0.009990 -0.410010 0.899990 0.180010 -0.199990 0.980010
0.059990 -0.310010 0.929990 0.240010 -0.199990 0.970010
0.179990 -0.420010 0.879990 0.290010 -0.199990 0.950010
-0.060010 -0.200010 0.969990 0.130010 -0.089990 0.990010
-0.060010 -0.100010 0.989990 0.130010 0.000010 1.000010
0.069990 -0.200010 0.949990 0.240010 -0.099990 0.990010
0.069990 -0.100010 0.969990 0.250010 0.000010 0.990010
0.289990 -0.420010 0.839990 0.400010 -0.199990 0.910010
0.399990 -0.410010 0.799990 0.510010 -0.199990 0.860010
0.239990 -0.310010 0.899990 0.360010 -0.099990 0.950010
0.359990 -0.310010 0.859990 0.470010 -0.099990 0.910010
0.189990 -0.200010 0.949990 0.310010 0.000010 0.980010
0.249990 -0.200010 0.899990 0.420010 0.000010 0.970010
0.309990 -0.100010 0.879990 0.480010 0.000010 0.950010
0.419990 -0.200010 0.839990 0.530010 0.000010 0.900010
0.449990 -0.890010 -0.000010 0.540010 -0.839990 0.120010
0.529990 -0.840010 -0.060010 0.620010 -0.779990 0.120010
0.529990 -0.840010 -0.000010 0.700010 -0.709990 0.180010
0.609990 -0.780010 0.059990 0.700010 -0.689990 0.230010
0.699990 -0.710010 -0.060010 0.780010 -0.619990 0.120010
0.679990 -0.710010 0.059990 0.780010 -0.619990 0.230010
0.779990 -0.620010 -0.000010 0.910010 -0.419990 0.110010
0.769990 -0.620010 0.059990 0.850010 -0.509990 0.220010
0.439990 -0.880010 0.119990 0.610010 -0.769990 0.240010
0.519990 -0.820010 0.179990 0.680010 -0.689990 0.300010
0.499990 -0.820010 0.239990 0.590010 -0.709990 0.410010
0.569990 -0.750010 0.229990 0.680010 -0.669990 0.410010
0.659990 -0.690010 0.169990 0.770010 -0.599990 0.350010
0.749990 -0.620010 0.169990 0.830010 -0.499990 0.330010
0.629990 -0.670010 0.279990 0.750010 -0.579990 0.460010
0.719990 -0.600010 0.279990 0.800010 -0.479990 0.430010
0.849990 -0.530010 -0.060010 0.910010 -0.419990 0.060010
0.829990 -0.520010 0.059990 0.910010 -0.409990 0.220010
0.909990 -0.420010 -0.060010 0.950010 -0.309990 0.120010
0.889990 -0.420010 -0.000010 0.980010 -0.199990 0.170010
0.799990 -0.510010 0.169990 0.890010 -0.399990 0.330010
0.869990 -0.410010 0.119990 0.940010 -0.299990 0.280010
0.769990 -0.500010 0.279990 0.870010 -0.389990 0.430010
0.839990 -0.400010 0.229990 0.920010 -0.289990 0.390010
0.919990 -0.310010 0.059990 0.980010 -0.199990 0.230010
0.959990 -0.200010 -0.000010 0.990010 -0.099990 0.180010
0.979990 -0.100010 -0.000010 1.000010 0.000010 0.190010
0.959990 -0.200010 0.119990 0.990010 0.000010 0.240010
0.919990 -0.300010 0.179990 0.960010 -0.099990 0.300010
0.889990 -0.300010 0.229990 0.930010 -0.189990 0.410010
0.889990 -0.200010 0.239990 0.960010 -0.089990 0.410010
0.929990 -0.100010 0.189990 0.980010 0.000010 0.360010
0.469990 -0.790010 0.359990 0.570010 -0.709990 0.470010
0.469990 -0.750010 0.349990 0.660010 -0.629990 0.520010
0.529990 -0.710010 0.389990 0.720010 -0.539990 0.520010
0.679990 -0.580010 0.389990 0.770010 -0.449990 0.530010
0.499990 -0.670010 0.459990 0.630010 -0.579990 0.620010
0.469990 -0.600010 0.559990 0.590010 -0.499990 0.720010
0.589990 -0.630010 0.459990 0.720010 -0.449990 0.600010
0.559990 -0.580010 0.489990 0.680010 -0.479990 0.660010
0.719990 -0.480010 0.389990 0.840010 -0.359990 0.530010
0.789990 -0.390010 0.349990 0.890010 -0.279990 0.490010
0.629990 -0.480010 0.529990 0.720010 -0.359990 0.670010
0.709990 -0.450010 0.489990 0.790010 -0.279990 0.600010
0.469990 -0.510010 0.659990 0.630010 -0.389990 0.740010
0.439990 -0.410010 0.739990 0.610010 -0.289990 0.810010
0.539990 -0.500010 0.599990 0.650010 -0.289990 0.740010
0.609990 -0.390010 0.599990 0.710010 -0.279990 0.740010
0.779990 -0.360010 0.349990 0.890010 -0.189990 0.560010
0.829990 -0.280010 0.409990 0.890010 -0.099990 0.520010
0.749990 -0.280010 0.459990 0.850010 -0.189990 0.630010
0.689990 -0.360010 0.559990 0.780010 -0.189990 0.660010
0.869990 -0.190010 0.359990 0.930010 0.000010 0.480010
0.809990 -0.190010 0.429990 0.900010 0.000010 0.590010
0.719990 -0.190010 0.519990 0.830010 -0.099990 0.680010
0.769990 -0.100010 0.479990 0.870010 0.000010 0.640010
0.469990 -0.300010 0.799990 0.570010 -0.099990 0.860010
0.509990 -0.300010 0.719990 0.670010 -0.189990 0.810010
0.529990 -0.200010 0.719990 0.670010 -0.089990 0.840010
0.479990 -0.100010 0.769990 0.630010 0.000010 0.880010
0.609990 -0.290010 0.629990 0.750010 -0.189990 0.740010
0.629990 -0.190010 0.629990 0.750010 -0.089990 0.770010
0.589990 -0.100010 0.679990 0.720010 0.000010 0.810010
0.679990 -0.100010 0.589990 0.810010 0.000010 0.730010
-0.000010 -0.000010 -1.000010 0.130010 0.090010 -0.989990
0.059990 -0.000010 -0.990010 0.180010 0.190010 -0.979990
-0.010010 0.089990 -0.990010 0.120010 0.290010 -0.949990
0.119990 0.099990 -0.980010 0.240010 0.280010 -0.949990
0.129990 -0.000010 -0.990010 0.310010 0.100010 -0.949990
0.249990 -0.000010 -0.970010 0.430010 0.100010 -0.899990
0.179990 0.099990 -0.980010 0.360010 0.280010 -0.909990
0.239990 0.099990 -0.950010 0.430010 0.190010 -0.899990
-0.000010 0.279990 -0.950010 0.170010 0.400010 -0.919990
0.049990 0.189990 -0.980010 0.230010 0.390010 -0.899990
-0.050010 0.389990 -0.920010 0.110010 0.510010 -0.859990
0.059990 0.359990 -0.920010 0.230010 0.500010 -0.859990
0.169990 0.189990 -0.950010 0.300010 0.360010 -0.899990
0.299990 0.189990 -0.910010 0.420010 0.360010 -0.859990
0.169990 0.359990 -0.900010 0.350010 0.480010 -0.849990
0.229990 0.279990 -0.910010 0.370010 0.480010 -0.799990
0.369990 -0.000010 -0.930010 0.480010 0.100010 -0.879990
0.429990 -0.000010 -0.900010 0.540010 0.190010 -0.839990
0.479990 -0.000010 -0.880010 0.640010 0.100010 -0.759990
0.589990 -0.090010 -0.810010 0.680010 0.100010 -0.729990
0.359990 0.099990 -0.910010 0.480010 0.280010 -0.859990
0.419990 0.189990 -0.870010 0.580010 0.290010 -0.789990
0.479990 0.089990 -0.860010 0.640010 0.200010 -0.759990
0.579990 0.099990 -0.790010 0.670010 0.300010 -0.709990
0.349990 0.279990 -0.870010 0.520010 0.390010 -0.799990
0.349990 0.359990 -0.860010 0.460010 0.500010 -0.739990
0.449990 0.289990 -0.810010 0.610010 0.400010 -0.729990
0.449990 0.389990 -0.810010 0.540010 0.510010 -0.669990
0.519990 0.199990 -0.800010 0.690010 0.310010 -0.649990
0.539990 0.299990 -0.740010 0.690010 0.410010 -0.649990
0.539990 0.399990 -0.740010 0.620010 0.520010 -0.589990
0.619990 0.309990 -0.660010 0.700010 0.520010 -0.579990
0.679990 -0.000010 -0.730010 0.770010 0.100010 -0.639990
0.639990 -0.000010 -0.760010 0.730010 0.200010 -0.679990
0.729990 -0.000010 -0.680010 0.840010 0.100010 -0.539990
0.669990 0.099990 -0.710010 0.800010 0.200010 -0.579990
0.799990 -0.000010 -0.580010 0.900010 0.100010 -0.429990
0.749990 0.099990 -0.620010 0.870010 0.200010 -0.479990
0.869990 -0.000010 -0.480010 0.950010 0.100010 -0.309990
0.829990 0.099990 -0.530010 0.920010 0.200010 -0.369990
0.669990 0.199990 -0.710010 0.770010 0.310010 -0.559990
0.749990 0.199990 -0.620010 0.830010 0.310010 -0.459990
0.689990 0.309990 -0.650010 0.770010 0.420010 -0.489990
0.619990 0.419990 -0.590010 0.770010 0.530010 -0.489990
0.829990 0.199990 -0.530010 0.890010 0.310010 -0.349990
0.769990 0.299990 -0.560010 0.880010 0.420010 -0.349990
0.749990 0.309990 -0.490010 0.830010 0.520010 -0.389990
0.689990 0.409990 -0.500010 0.820010 0.530010 -0.309990
0.899990 -0.090010 -0.430010 0.980010 0.090010 -0.189990
0.919990 -0.000010 -0.370010 0.960010 0.200010 -0.249990
0.879990 0.099990 -0.420010 0.930010 0.300010 -0.309990
0.919990 0.089990 -0.310010 0.960010 0.290010 -0.189990
0.959990 -0.000010 -0.250010 1.000010 0.100010 -0.059990
0.959990 0.089990 -0.250010 0.990010 0.190010 -0.059990
0.979990 -0.000010 -0.130010 1.000010 0.190010 0.000010
0.949990 0.099990 -0.190010 1.000010 0.280010 0.060010
0.869990 0.199990 -0.350010 0.930010 0.400010 -0.239990
0.869990 0.189990 -0.280010 0.960010 0.400010 -0.129990
0.799990 0.299990 -0.390010 0.880010 0.510010 -0.279990
0.799990 0.389990 -0.310010 0.910010 0.510010 -0.179990
0.909990 0.189990 -0.240010 0.980010 0.390010 0.000010
0.929990 0.279990 -0.130010 0.960010 0.360010 0.060010
0.869990 0.279990 -0.180010 0.950010 0.480010 -0.059990
0.839990 0.359990 -0.210010 0.930010 0.500010 0.000010
-0.050010 0.499990 -0.870010 0.060010 0.600010 -0.799990
0.009990 0.499990 -0.870010 0.150010 0.690010 -0.719990
0.059990 0.479990 -0.870010 0.260010 0.580010 -0.799990
0.039990 0.579990 -0.800010 0.240010 0.670010 -0.729990
0.149990 0.449990 -0.860010 0.280010 0.630010 -0.739990
0.259990 0.449990 -0.850010 0.370010 0.580010 -0.739990
0.129990 0.629990 -0.740010 0.330010 0.710010 -0.669990
0.239990 0.539990 -0.800010 0.350010 0.670010 -0.669990
-0.020010 0.689990 -0.720010 0.100010 0.820010 -0.569990
0.009990 0.669990 -0.730010 0.220010 0.750010 -0.659990
-0.050010 0.819990 -0.570010 0.160010 0.880010 -0.479990
0.069990 0.749990 -0.660010 0.190010 0.850010 -0.499990
0.099990 0.709990 -0.670010 0.300010 0.790010 -0.589990
0.159990 0.749990 -0.590010 0.300010 0.850010 -0.499990
0.219990 0.669990 -0.670010 0.420010 0.750010 -0.589990
0.279990 0.689990 -0.590010 0.420010 0.820010 -0.499990
0.039990 0.849990 -0.500010 0.160010 0.900010 -0.409990
0.009990 0.879990 -0.480010 0.130010 0.950010 -0.309990
-0.020010 0.929990 -0.380010 0.100010 0.980010 -0.209990
0.099990 0.899990 -0.410010 0.210010 0.960010 -0.209990
0.129990 0.819990 -0.500010 0.280010 0.900010 -0.409990
0.249990 0.769990 -0.510010 0.390010 0.880010 -0.409990
0.129990 0.879990 -0.410010 0.320010 0.930010 -0.309990
0.209990 0.839990 -0.410010 0.360010 0.930010 -0.209990
-0.060010 0.979990 -0.210010 0.140010 0.990010 -0.109990
0.069990 0.949990 -0.310010 0.180010 0.980010 -0.109990
-0.000010 0.979990 -0.110010 0.140010 1.000010 0.000010
0.109990 0.959990 -0.210010 0.250010 0.990010 0.000010
0.179990 0.929990 -0.310010 0.290010 0.960010 -0.109990
0.289990 0.889990 -0.310010 0.400010 0.930010 -0.109990
0.139990 0.949990 -0.110010 0.330010 0.980010 0.000010
0.249990 0.929990 -0.210010 0.360010 0.960010 0.000010
0.349990 0.479990 -0.800010 0.460010 0.580010 -0.739990
0.329990 0.579990 -0.740010 0.440010 0.690010 -0.589990
0.349990 0.499990 -0.740010 0.540010 0.600010 -0.669990
0.439990 0.509990 -0.670010 0.620010 0.620010 -0.589990
0.419990 0.599990 -0.670010 0.520010 0.710010 -0.509990
0.389990 0.689990 -0.590010 0.500010 0.780010 -0.409990
0.519990 0.519990 -0.590010 0.690010 0.620010 -0.499990
0.499990 0.619990 -0.590010 0.600010 0.710010 -0.409990
0.319990 0.769990 -0.510010 0.470010 0.890010 -0.309990
0.359990 0.779990 -0.410010 0.540010 0.840010 -0.309990
0.469990 0.709990 -0.510010 0.570010 0.780010 -0.319990
0.429990 0.709990 -0.410010 0.630010 0.840010 -0.209990
0.599990 0.519990 -0.500010 0.750010 0.620010 -0.409990
0.659990 0.509990 -0.410010 0.800010 0.620010 -0.309990
0.569990 0.619990 -0.500010 0.660010 0.710010 -0.319990
0.539990 0.619990 -0.410010 0.720010 0.780010 -0.209990
0.319990 0.839990 -0.310010 0.500010 0.890010 -0.209990
0.359990 0.839990 -0.210010 0.500010 0.930010 -0.109990
0.329990 0.879990 -0.110010 0.470010 0.950010 0.000010
0.429990 0.819990 -0.210010 0.560010 0.900010 0.000010
0.499990 0.769990 -0.320010 0.600010 0.840010 -0.109990
0.599990 0.689990 -0.320010 0.690010 0.770010 -0.109990
0.469990 0.749990 -0.210010 0.650010 0.880010 0.000010
0.529990 0.749990 -0.110010 0.650010 0.850010 0.000010
0.719990 0.499990 -0.310010 0.840010 0.620010 -0.209990
0.769990 0.479990 -0.210010 0.870010 0.600010 -0.109990
0.809990 0.449990 -0.110010 0.890010 0.580010 0.000010
0.739990 0.539990 -0.210010 0.840010 0.670010 0.000010
0.629990 0.599990 -0.320010 0.770010 0.710010 -0.209990
0.649990 0.599990 -0.210010 0.770010 0.750010 -0.109990
0.699990 0.579990 -0.110010 0.810010 0.710010 0.000010
0.619990 0.669990 -0.110010 0.740010 0.790010 0.000010
-0.000010 -0.000010 0.989990 0.130010 0.090010 1.000010
0.059990 -0.000010 0.979990 0.180010 0.190010 0.990010
-0.010010 0.089990 0.949990 0.120010 0.290010 0.990010
0.119990 0.099990 0.949990 0.240010 0.280010 0.980010
0.129990 -0.000010 0.949990 0.310010 0.100010 0.990010
0.249990 -0.000010 0.899990 0.430010 0.100010 0.970010
0.179990 0.099990 0.909990 0.360010 0.280010 0.980010
0.239990 0.099990 0.899990 0.430010 0.190010 0.950010
-0.000010 0.279990 0.919990 0.170010 0.400010 0.950010
0.049990 0.189990 0.899990 0.230010 0.390010 0.980010
-0.050010 0.389990 0.859990 0.110010 0.510010 0.920010
0.059990 0.359990 0.859990 0.230010 0.500010 0.920010
0.169990 0.189990 0.899990 0.300010 0.360010 0.950010
0.299990 0.189990 0.859990 0.420010 0.360010 0.910010
0.169990 0.359990 0.849990 0.350010 0.480010 0.900010
0.229990 0.279990 0.799990 0.370010 0.480010 0.910010
0.369990 -0.000010 0.879990 0.480010 0.100010 0.930010
0.429990 -0.000010 0.839990 0.540010 0.190010 0.900010
0.479990 -0.000010 0.729990 0.680010 0.100010 0.880010
0.539990 -0.000010 0.759990 0.640010 0.200010 0.840010
0.359990 0.099990 0.859990 0.480010 0.280010 0.910010
0.419990 0.189990 0.789990 0.580010 0.290010 0.870010
0.479990 0.089990 0.709990 0.670010 0.200010 0.860010
0.519990 0.199990 0.709990 0.670010 0.300010 0.800010
0.609990 0.199990 0.649990 0.690010 0.410010 0.730010
0.539990 0.299990 0.579990 0.700010 0.420010 0.740010
0.619990 0.409990 0.499990 0.700010 0.530010 0.660010
0.539990 0.399990 0.589990 0.620010 0.520010 0.740010
0.349990 0.279990 0.799990 0.520010 0.390010 0.870010
0.349990 0.359990 0.739990 0.460010 0.500010 0.860010
0.449990 0.289990 0.729990 0.610010 0.400010 0.810010
0.449990 0.389990 0.669990 0.540010 0.510010 0.810010
0.999990 -0.000010 -0.060010 1.000010 0.100010 0.060010
0.979990 -0.000010 -0.000010 1.000010 0.100010 0.190010
0.959990 0.099990 -0.060010 1.000010 0.280010 0.130010
0.949990 0.099990 0.059990 0.990010 0.280010 0.190010
0.959990 -0.000010 0.129990 0.990010 0.190010 0.250010
0.919990 -0.000010 0.189990 0.980010 0.100010 0.370010
0.919990 0.089990 0.189990 0.960010 0.290010 0.310010
0.879990 0.089990 0.249990 0.960010 0.300010 0.420010
0.929990 0.189990 -0.000010 0.980010 0.360010 0.130010
0.909990 0.279990 0.059990 0.950010 0.390010 0.240010
0.869990 0.359990 -0.060010 0.930010 0.480010 0.110010
0.839990 0.359990 0.059990 0.930010 0.500010 0.210010
0.869990 0.189990 0.129990 0.960010 0.400010 0.280010
0.869990 0.199990 0.239990 0.930010 0.400010 0.350010
0.799990 0.389990 0.179990 0.910010 0.510010 0.310010
0.799990 0.299990 0.279990 0.880010 0.510010 0.390010
0.899990 -0.090010 0.309990 0.950010 0.100010 0.430010
0.839990 -0.000010 0.369990 0.920010 0.100010 0.540010
0.869990 0.099990 0.309990 0.930010 0.200010 0.480010
0.799990 0.099990 0.419990 0.890010 0.200010 0.580010
0.769990 -0.000010 0.479990 0.870010 0.100010 0.640010
0.729990 0.099990 0.529990 0.830010 0.200010 0.680010
0.679990 -0.000010 0.579990 0.800010 0.100010 0.730010
0.639990 -0.000010 0.679990 0.730010 0.200010 0.760010
0.819990 0.199990 0.349990 0.890010 0.410010 0.460010
0.769990 0.199990 0.419990 0.890010 0.310010 0.560010
0.669990 0.099990 0.529990 0.830010 0.310010 0.710010
0.669990 0.199990 0.559990 0.770010 0.310010 0.710010
0.749990 0.309990 0.389990 0.830010 0.520010 0.490010
0.689990 0.409990 0.309990 0.820010 0.530010 0.500010
0.689990 0.309990 0.459990 0.830010 0.420010 0.650010
0.689990 0.309990 0.489990 0.770010 0.530010 0.580010
-0.000010 0.989990 -0.000010 0.110010 1.000010 0.110010
-0.060010 0.979990 0.109990 0.140010 0.990010 0.210010
0.029990 0.979990 -0.000010 0.220010 0.990010 0.110010
0.069990 0.959990 0.109990 0.250010 0.980010 0.210010
0.139990 0.949990 -0.000010 0.330010 0.980010 0.110010
0.249990 0.929990 -0.000010 0.360010 0.960010 0.210010
0.179990 0.929990 0.109990 0.290010 0.960010 0.310010
0.289990 0.889990 0.109990 0.400010 0.930010 0.310010
-0.020010 0.929990 0.209990 0.100010 0.980010 0.380010
0.069990 0.929990 0.209990 0.210010 0.980010 0.310010
0.009990 0.899990 0.309990 0.210010 0.950010 0.410010
0.009990 0.849990 0.379990 0.160010 0.930010 0.500010
0.129990 0.879990 0.309990 0.320010 0.930010 0.410010
0.209990 0.839990 0.209990 0.360010 0.930010 0.410010
0.129990 0.819990 0.409990 0.280010 0.900010 0.500010
0.249990 0.769990 0.409990 0.390010 0.880010 0.510010
-0.050010 0.499990 0.799990 0.060010 0.600010 0.870010
0.009990 0.499990 0.719990 0.150010 0.690010 0.870010
0.059990 0.479990 0.799990 0.260010 0.580010 0.870010
0.039990 0.579990 0.729990 0.240010 0.670010 0.800010
0.149990 0.449990 0.739990 0.280010 0.630010 0.860010
0.259990 0.449990 0.739990 0.370010 0.580010 0.850010
0.129990 0.629990 0.669990 0.330010 0.710010 0.740010
0.239990 0.539990 0.669990 0.350010 0.670010 0.800010
-0.050010 0.819990 0.479990 0.160010 0.880010 0.570010
0.069990 0.749990 0.499990 0.190010 0.850010 0.660010
-0.020010 0.689990 0.569990 0.100010 0.820010 0.720010
0.009990 0.669990 0.659990 0.220010 0.750010 0.730010
0.159990 0.749990 0.499990 0.300010 0.850010 0.590010
0.099990 0.709990 0.589990 0.300010 0.790010 0.670010
0.279990 0.689990 0.499990 0.420010 0.820010 0.590010
0.219990 0.669990 0.589990 0.420010 0.750010 0.670010
0.329990 0.899990 -0.000010 0.430010 0.950010 0.110010
0.359990 0.849990 -0.000010 0.530010 0.930010 0.110010
0.359990 0.839990 0.109990 0.500010 0.930010 0.210010
0.319990 0.839990 0.209990 0.500010 0.890010 0.310010
0.469990 0.789990 -0.000010 0.620010 0.880010 0.110010
0.469990 0.749990 -0.000010 0.650010 0.880010 0.210010
0.499990 0.749990 0.109990 0.650010 0.840010 0.210010
0.499990 0.689990 0.209990 0.690010 0.840010 0.320010
0.769990 0.449990 -0.000010 0.890010 0.630010 0.110010
0.809990 0.479990 -0.000010 0.870010 0.580010 0.210010
0.739990 0.499990 0.109990 0.840010 0.670010 0.210010
0.719990 0.499990 0.209990 0.840010 0.620010 0.310010
0.699990 0.579990 -0.000010 0.810010 0.710010 0.110010
0.619990 0.669990 -0.000010 0.740010 0.790010 0.110010
0.689990 0.599990 0.109990 0.770010 0.690010 0.310010
0.599990 0.669990 0.109990 0.740010 0.770010 0.210010
0.319990 0.769990 0.309990 0.470010 0.890010 0.510010
0.359990 0.779990 0.309990 0.540010 0.840010 0.410010
0.429990 0.709990 0.209990 0.630010 0.840010 0.410010
0.469990 0.709990 0.319990 0.570010 0.780010 0.510010
0.569990 0.519990 0.409990 0.750010 0.710010 0.500010
0.659990 0.509990 0.309990 0.800010 0.620010 0.410010
0.629990 0.619990 0.209990 0.720010 0.710010 0.410010
0.539990 0.619990 0.209990 0.660010 0.780010 0.410010
0.389990 0.689990 0.409990 0.500010 0.780010 0.590010
0.419990 0.619990 0.499990 0.600010 0.710010 0.590010
0.519990 0.519990 0.499990 0.690010 0.620010 0.590010
0.499990 0.529990 0.409990 0.690010 0.710010 0.510010
0.349990 0.479990 0.669990 0.460010 0.600010 0.800010
0.329990 0.579990 0.589990 0.440010 0.690010 0.740010
0.419990 0.499990 0.589990 0.540010 0.690010 0.740010
0.439990 0.509990 0.589990 0.620010 0.620010 0.670010
