-0.800010 -0.840010 -0.800010 -0.329990 -0.479990 -0.209990
-0.890010 -0.950010 -0.320010 -0.319990 -0.449990 0.000010
-0.420010 -0.880010 -0.870010 0.050010 -0.449990 -0.479990
-0.430010 -1.000010 -0.510010 0.060010 -0.769990 0.000010
-0.950010 -0.530010 -0.760010 -0.639990 0.090010 -0.309990
-1.000010 -0.510010 -0.420010 -0.799990 0.000010 0.060010
-0.700010 -0.530010 -0.930010 -0.349990 0.090010 -0.499990
-0.450010 -0.510010 -1.000010 0.050010 0.000010 -0.799990
-0.890010 -0.950010 -0.000010 -0.319990 -0.449990 0.320010
-0.800010 -0.840010 0.209990 -0.329990 -0.479990 0.800010
-0.430010 -1.000010 -0.000010 0.060010 -0.819990 0.500010
-0.420010 -0.880010 0.409990 0.050010 -0.449990 0.870010
-1.000010 -0.510010 -0.060010 -0.799990 0.000010 0.420010
-0.950010 -0.530010 0.309990 -0.639990 0.000010 0.760010
-0.700010 -0.530010 0.499990 -0.349990 0.090010 0.930010
-0.450010 -0.510010 0.799990 0.050010 0.000010 1.000010
-0.930010 -0.000010 -0.880010 -0.469990 0.360010 -0.349990
-0.850010 0.279990 -0.810010 -0.439990 0.790010 -0.349990
-1.000010 -0.000010 -0.460010 -0.799990 0.530010 0.060010
-0.910010 0.389990 -0.430010 -0.449990 0.890010 0.060010
-0.530010 -0.000010 -1.000010 0.060010 0.420010 -0.799990
-0.540010 0.299990 -0.950010 0.040010 0.770010 -0.619990
-0.530010 0.599990 -0.700010 0.070010 0.930010 -0.309990
-0.530010 0.789990 -0.410010 0.070010 1.000010 0.060010
-1.000010 -0.000010 -0.060010 -0.769990 0.520010 0.460010
-0.910010 0.409990 -0.060010 -0.439990 0.890010 0.430010
-0.930010 -0.000010 0.349990 -0.469990 0.360010 0.880010
-0.850010 0.279990 0.349990 -0.429990 0.790010 0.810010
-0.540010 0.789990 -0.060010 0.070010 1.000010 0.380010
-0.530010 0.599990 0.299990 0.070010 0.930010 0.700010
-0.530010 -0.000010 0.799990 0.060010 0.420010 1.000010
-0.540010 0.299990 0.609990 0.040010 0.780010 0.950010
-0.040010 -0.770010 -0.950010 0.540010 -0.299990 -0.619990
-0.060010 -0.420010 -1.000010 0.530010 0.000010 -0.799990
-0.070010 -0.930010 -0.700010 0.530010 -0.599990 -0.309990
-0.070010 -1.000010 -0.410010 0.530010 -0.789990 0.060010
0.439990 -0.790010 -0.810010 0.890010 -0.279990 -0.349990
0.469990 -0.360010 -0.880010 0.930010 0.000010 -0.349990
0.439990 -0.890010 -0.460010 0.910010 -0.419990 0.060010
0.769990 -0.520010 -0.430010 1.000010 0.000010 0.060010
-0.070010 -1.000010 -0.060010 0.540010 -0.789990 0.410010
-0.070010 -0.930010 0.299990 0.530010 -0.599990 0.700010
-0.040010 -0.780010 0.609990 0.540010 -0.299990 0.950010
-0.060010 -0.420010 0.799990 0.530010 0.000010 1.000010
0.439990 -0.890010 -0.060010 0.910010 -0.419990 0.460010
0.769990 -0.530010 -0.060010 1.000010 0.000010 0.430010
0.439990 -0.790010 0.349990 0.890010 -0.279990 0.810010
0.469990 -0.360010 0.349990 0.930010 0.000010 0.880010
-0.050010 -0.000010 -1.000010 0.430010 0.510010 -0.799990
0.349990 -0.090010 -0.930010 0.700010 0.520010 -0.579990
0.619990 -0.000010 -0.760010 0.950010 0.530010 -0.309990
0.799990 -0.090010 -0.430010 1.000010 0.510010 0.060010
-0.050010 0.449990 -0.870010 0.420010 0.880010 -0.479990
-0.060010 0.769990 -0.510010 0.400010 1.000010 0.000010
0.319990 0.479990 -0.800010 0.800010 0.890010 -0.209990
0.319990 0.449990 -0.320010 0.890010 0.950010 0.000010
-0.050010 -0.000010 0.799990 0.430010 0.510010 1.000010
0.349990 -0.000010 0.499990 0.700010 0.530010 0.930010
0.799990 -0.000010 -0.060010 1.000010 0.510010 0.420010
0.639990 -0.090010 0.309990 0.950010 0.530010 0.760010
-0.060010 0.769990 -0.000010 0.400010 1.000010 0.510010
-0.050010 0.449990 0.479990 0.420010 0.880010 0.870010
0.319990 0.449990 -0.000010 0.890010 0.950010 0.320010
0.319990 0.479990 0.209990 0.800010 0.890010 0.800010
