-0.890010 -0.950010 -0.800010 -0.319990 -0.449990 0.000010
-0.430010 -1.000010 -0.870010 0.060010 -0.449990 0.000010
-1.000010 -0.530010 -0.760010 -0.639990 0.090010 0.060010
-0.700010 -0.530010 -1.000010 0.050010 0.090010 -0.499990
-0.890010 -0.950010 -0.000010 -0.319990 -0.449990 0.800010
-0.430010 -1.000010 -0.000010 0.060010 -0.449990 0.870010
-1.000010 -0.530010 -0.060010 -0.639990 0.000010 0.760010
-0.700010 -0.530010 0.499990 0.050010 0.090010 1.000010
-0.930010 -0.000010 -0.880010 -0.439990 0.790010 -0.349990
-1.000010 -0.000010 -0.460010 -0.449990 0.890010 0.060010
-0.540010 -0.000010 -1.000010 0.060010 0.770010 -0.619990
-0.530010 0.599990 -0.700010 0.070010 1.000010 0.060010
-1.000010 -0.000010 -0.060010 -0.439990 0.890010 0.460010
-0.930010 -0.000010 0.349990 -0.429990 0.790010 0.880010
-0.540010 0.599990 -0.060010 0.070010 1.000010 0.700010
-0.540010 -0.000010 0.609990 0.060010 0.780010 1.000010
-0.060010 -0.770010 -1.000010 0.540010 0.000010 -0.619990
-0.070010 -1.000010 -0.700010 0.530010 -0.599990 0.060010
0.439990 -0.790010 -0.880010 0.930010 0.000010 -0.349990
0.439990 -0.890010 -0.460010 1.000010 0.000010 0.060010
-0.070010 -1.000010 -0.060010 0.540010 -0.599990 0.700010
-0.060010 -0.780010 0.609990 0.540010 0.000010 1.000010
0.439990 -0.890010 -0.060010 1.000010 0.000010 0.460010
0.439990 -0.790010 0.349990 0.930010 0.000010 0.880010
-0.050010 -0.090010 -1.000010 0.700010 0.520010 -0.579990
0.619990 -0.090010 -0.760010 1.000010 0.530010 0.060010
-0.060010 0.449990 -0.870010 0.420010 1.000010 0.000010
0.319990 0.449990 -0.800010 0.890010 0.950010 0.000010
-0.050010 -0.000010 0.499990 0.700010 0.530010 1.000010
0.639990 -0.090010 -0.060010 1.000010 0.530010 0.760010
-0.060010 0.449990 -0.000010 0.420010 1.000010 0.870010
0.319990 0.449990 -0.000010 0.890010 0.950010 0.800010
