-0.890010 -1.000010 -0.870010 0.060010 -0.449990 0.000010
-1.000010 -0.530010 -1.000010 0.050010 0.090010 0.060010
-0.890010 -1.000010 -0.000010 0.060010 -0.449990 0.870010
-1.000010 -0.530010 -0.060010 0.050010 0.090010 1.000010
-1.000010 -0.000010 -0.880010 -0.439990 0.890010 0.060010
-0.540010 -0.000010 -1.000010 0.070010 1.000010 0.060010
-1.000010 -0.000010 -0.060010 -0.429990 0.890010 0.880010
-0.540010 -0.000010 -0.060010 0.070010 1.000010 1.000010
-0.070010 -1.000010 -1.000010 0.540010 0.000010 0.060010
0.439990 -0.890010 -0.880010 1.000010 0.000010 0.060010
-0.070010 -1.000010 -0.060010 0.540010 0.000010 1.000010
0.439990 -0.890010 -0.060010 1.000010 0.000010 0.880010
-0.050010 -0.090010 -1.000010 1.000010 0.530010 0.060010
-0.060010 0.449990 -0.870010 0.890010 1.000010 0.000010
-0.050010 -0.090010 -0.060010 1.000010 0.530010 1.000010
-0.060010 0.449990 -0.000010 0.890010 1.000010 0.870010
